1.1|1PC0|
2.1|2PC0|1
3.1|3PC0|1
4.1|4PC5|1
4.2|4PC0|1,2
5.1|5PC0|1
6.1|3Perm1,4|1,4
6.2|6PC21|1
7.1|7PC0|1
8.1|8PC323|1
8.2|8PC34|1,2
8.3|8PC294|1,2
8.4|8PC2343|1,2
9.1|9PC5|1
9.2|9PC0|1,3
10.2|10PC83|1
11.1|11PC0|1
12.1|12PC3913|1,4
12.2|12PC3865|1
12.4|12PC43377|1,2
12.5|12PC273|1,2
13.1|13PC0|1
14.2|14PC185|1
15.1|15PC87|1
16.1|16PC149511|1
16.4|16PC141333|1,4
16.5|16PC9222|1,2
16.6|16PC140302|1,2
16.8|16PC2368542|1,2
17.1|17PC0|1
18.1|18PC106355|1,2
18.3|18PC5451|1,6
18.4|6Perm25,3,144|25,3,144
19.1|19PC0|1
20.2|20PC51395|1
20.3|20PC2551363|1,4
20.5|20PC2179|1,2
21.2|21PC191|1
22.2|22PC509|1
23.1|23PC0|1
24.5|24PC2949342177|1,2
24.6|24PC2968216545|1,2
24.8|24PC221825|1,2,4,8
24.10|24PC19095777|1,2
27.3|27PC68|1,3,9
27.4|27PC1766|1,3
30.1|30PC493959|1,2
32.15|32PC601866502255|1,4
32.17|32PC554762270|1,2
36.6|36PC11575859|1,12
36.9|6Perm474,25,244,3|474,25,244,3
36.10|6Perm475,450,148,244|475,450,148,244
36.12|36PC403784533|1,6
39.1|39PC1463|1,3
40.10|40PC1473908227|1,2
40.12|40PC41624489227523|1,4
42.1|42PC37793315|1,6
42.3|42PC2620955|1,2
54.5|54PC2606065431|1,6,18
54.6|54PC71019161431|1,6
54.8|54PC50062727|1,2,6,18
55.1|55PC1439|1,5
60.6|60PC307521975153927|1,4
60.7|60PC307494135461127|1,4
64.45|64PC74327540642087327|1,8
64.46|64PC4686083656962278877|1,4
72.21|72PC76169190567874275|1,2,24
72.23|72PC1057938039410371|1,2,24
72.30|72PC1043038385217349|1,2,12
72.39|72PC5483238280211454051|1,8,24
72.40|6Perm450,1,25,243,244|450,1,25,243,244
72.41|9Perm37817,26719,5515,276480,80884|37817,26719,5515,276480,80884
72.45|72PC5411268416718830885|1,4,12
80.31|80PC85858774671193928610819|1,4
81.7|81PC3774548|1,3,9
84.7|84PC2907990449920121|1,6
100.9|100PC395906294543|1,20
108.17|108PC144694058776583|1,2,4,12,36
108.36|108PC7920848903657575|1,12,36
108.37|9Perm41281,2424,93144,15840,3|41281,2424,93144,15840,3
108.38|108PC73347030453419|1,6,36
108.40|9Perm42745,744,97224,136224,3|42745,744,97224,136224,3
110.2|110PC1186286309|1,5
120.36|120PC150714042188947859463|1,2,8
126.7|126PC21911983206086783|1,6
126.9|126PC63391832614844543|1,6
144.182|9Perm23802,5306,37817,5515,276480,80884|23802,5306,37817,5515,276480,80884
162.10|162PC762520098393135|1,2,6,18,54
162.11|9Perm5065,276480,45504,243,80884|5065,276480,45504,243,80884
162.19|162PC62112103508040463|1,2,6,18
216.156|9Perm1,41784,2424,10920,93144,3|1,41784,2424,10920,93144,3
216.157|9Perm264,41064,3,1680,11064,87240|264,41064,3,1680,11064,87240
216.158|9Perm41065,264,1680,11064,87240,3|41065,264,1680,11064,87240,3
216.159|9Perm41065,41184,1680,11064,87240,3|41065,41184,1680,11064,87240,3
252.26|252PC33275570543162421151727|1,2,12
253.1|253PC3123|1,11
272.50|272PC104665396325262080852623375|1,16
324.39|9Perm450,5065,80787,276480,45364,80884|450,5065,80787,276480,45364,80884
324.162|324PC78358402183577803219151|1,12,36,108
324.167|324PC78354709126453527605591|1,6,36,108
342.7|342PC4418255007520917911|1,18
405.15|405PC51342069020738389|1,5,15,45,135
648.712|648PC25743063721390755573397832760764228097824697846587791|1,2,8,24,72,216
648.716|12Perm399086665,395452800,131725890,79879108,43626388,43591204,79914484|399086665,395452800,131725890,79879108,43626388,43591204,79914484
648.717|648PC94609601685062199100278314180690013977157903|1,2,4,8,24,72,216
648.719|648PC145551845268975027843568862071597774129835|1,6,36,216
648.723|12Perm267361225,395452800,131725890,43626388,43626483,79914387,79914484|267361225,395452800,131725890,43626388,43626483,79914387,79914484
648.725|648PC25743063720068914809981099278040627604800005216395407|1,2,4,8,24,72,216
648.730|648PC39726950187328298054184054106018433443838480064911|1,2,8,24,72,216
810.102|810PC61355396435043505739791517624308565|1,10,30,90,270
1215.69|1215PC429348046995051829542080596336711509|1,15,45,135,405
1296.3508|12Perm25,399081600,135354714,3633865,148,79878960,244,79914240|25,399081600,135354714,3633865,148,79878960,244,79914240
1296.3522|1296PC2646100433625042721035170136831798291068931292705901223842279202845092717396985615|1,2,4,16,48,144,432
1620.421|15Perm132001920,395453250,1126611763200,93448857744,43545604,93448938387,174436461504|132001920,395453250,1126611763200,93448857744,43545604,93448938387,174436461504
2430.f|15Perm18553593,910529134814,281784804930|18553593,910529134814,281784804930
3240.be|15Perm443006172968,910529134814,281784804930,600605744196|443006172968,910529134814,281784804930,600605744196
4860.k|15Perm18553593,281784804930,101249608320|18553593,281784804930,101249608320
4860.m|15Perm18553593,281784804930,600605744196|18553593,281784804930,600605744196
5103.4034|5103PC88546845939758277584825437928444851|1,7,21,63,189,567,1701
9720.j|15Perm18553593,910529134814,281784804930,600605744196|18553593,910529134814,281784804930,600605744196
10206.d|21Perm15489965839689814443,30736641484254263185|15489965839689814443,30736641484254263185
15309.b|21Perm51085251266348759044,17922867766955100746|51085251266348759044,17922867766955100746
30618.c|21Perm40968789718355291042,38415753617578628876|40968789718355291042,38415753617578628876
30618.e|21Perm46219091469082242722,33169208727876081865|46219091469082242722,33169208727876081865
61236.a|21Perm30735507161176030555,23050391602300047505,12672164077330925254|30735507161176030555,23050391602300047505,12672164077330925254
91854.a|21Perm23048901678573209763,48532993621165826069|23048901678573209763,48532993621165826069
91854.b|21Perm30731771141997229196,15487343019870105475|30731771141997229196,15487343019870105475
183708.a|21Perm25483314620441197707,35600620725466635359|25483314620441197707,35600620725466635359
